1133
0.04025464132428169 0.15738165378570557 0
0.03357485309243202 0.15639811754226685 0
0.026415862143039703 0.1554982215166092 0
0.018827497959136963 0.15468409657478333 0
0.010857418179512024 0.1539548933506012 0
0.002553718164563179 0.15331147611141205 0
-0.006035076454281807 0.15275602042675018 0
-0.014860439114272594 0.1522885262966156 0
-0.023874709382653236 0.15190984308719635 0
-0.03302892670035362 0.15162040293216705 0
-0.04227456450462341 0.15142153203487396 0
-0.05156439542770386 0.15131407976150513 0
-0.06084902957081795 0.15129892528057098 0
-0.07007993757724762 0.15137560665607452 0
-0.07920989394187927 0.15154631435871124 0
-0.08818992972373962 0.15181148052215576 0
-0.09697196632623672 0.1521715372800827 0
-0.10550747066736221 0.15262821316719055 0
-0.11374790966510773 0.15318062901496887 0
-0.12164519727230072 0.1538318395614624 0
-0.12915123999118805 0.15458053350448608 0
-0.13611742854118347 0.1553526371717453 0
-0.14334313571453094 0.156171515583992 0
-0.1507655531167984 0.15702897310256958 0
-0.15832272171974182 0.15791761875152588 0
-0.16595442593097687 0.15882836282253265 0
-0.17359694838523865 0.15975382924079895 0
-0.18118920922279358 0.1606866717338562 0
-0.18866968154907227 0.1616182178258896 0
-0.19597598910331726 0.1625402271747589 0
-0.2030470222234726 0.16344575583934784 0
-0.20982040464878082 0.1643257439136505 0
-0.21623416244983673 0.16517280042171478 0
-0.22222721576690674 0.16597868502140045 0
-0.2277367264032364 0.16673561930656433 0
-0.23270118236541748 0.16743578016757965 0
-0.23705948889255524 0.1680709719657898 0
-0.2407488077878952 0.1686333566904068 0
-0.243708074092865 0.16911472380161285 0
-0.24587488174438477 0.16950683295726776 0
-0.24718813598155975 0.16980232298374176 0
-0.24873103201389313 0.1704435795545578 0
-0.25096672773361206 0.17167320847511292 0
-0.25384148955345154 0.17345136404037476 0
-0.25730204582214355 0.17573514580726624 0
-0.26129379868507385 0.17848341166973114 0
-0.2657630443572998 0.18165627121925354 0
-0.2706559896469116 0.18521085381507874 0
-0.2759198546409607 0.18910686671733856 0
-0.28149956464767456 0.19330312311649323 0
-0.28734225034713745 0.19775761663913727 0
-0.2933933734893799 0.2024296075105667 0
-0.29959914088249207 0.20727752149105072 0
-0.305906742811203 0.21226060390472412 0
-0.31226158142089844 0.21733684837818146 0
-0.31860992312431335 0.22246551513671875 0
-0.32489845156669617 0.22760501503944397 0
-0.3310726284980774 0.23271417617797852 0
-0.33707910776138306 0.2377522885799408 0
-0.34286460280418396 0.24267731606960297 0
-0.3483745753765106 0.24744810163974762 0
-0.3594481945037842 0.2573622763156891 0
-0.3701842725276947 0.26744544506073 0
-0.3805690109729767 0.27767589688301086 0
-0.39058804512023926 0.28803420066833496 0
-0.40022578835487366 0.29849863052368164 0
-0.40946969389915466 0.3090484142303467 0
-0.41830500960350037 0.31966322660446167 0
-0.42671746015548706 0.3303222060203552 0
-0.43469274044036865 0.3410041332244873 0
-0.44221699237823486 0.3516886830329895 0
-0.4492758810520172 0.3623541593551636 0
-0.45585471391677856 0.37298062443733215 0
-0.46193963289260864 0.3835468888282776 0
-0.4675167500972748 0.3940321207046509 0
-0.47257131338119507 0.40441641211509705 0
-0.4770890772342682 0.4146776497364044 0
-0.4810565412044525 0.4247954785823822 0
-0.4844590723514557 0.4347495138645172 0
-0.48728227615356445 0.4445185363292694 0
-0.4895119071006775 0.45408177375793457 0
-0.4900396168231964 0.4567156434059143 0
-0.490507572889328 0.459160178899765 0
-0.49091485142707825 0.4614335596561432 0
-0.4912601709365845 0.46355488896369934 0
-0.4915418028831482 0.46554359793663025 0
-0.4917593002319336 0.46741795539855957 0
-0.49191224575042725 0.4691961109638214 0
-0.4919988811016083 0.47089800238609314 0
-0.49201926589012146 0.4725427031517029 0
-0.49197161197662354 0.4741475582122803 0
-0.49185460805892944 0.4757329225540161 0
-0.49166831374168396 0.4773165285587311 0
-0.4914105236530304 0.4789174795150757 0
-0.49108120799064636 0.48055481910705566 0
-0.4906795620918274 0.4822472035884857 0
-0.4902042746543884 0.48401322960853577 0
-0.48965445160865784 0.48587238788604736 0
-0.48902836441993713 0.4878429174423218 0
-0.4883255958557129 0.4899434447288513 0
-0.4875456988811493 0.49219343066215515 0
-0.4865114688873291 0.49542999267578125 0
-0.4855734407901764 0.49896636605262756 0
-0.48473289608955383 0.5027753114700317 0
-0.48398852348327637 0.5068328976631165 0
-0.4833424985408783 0.5111123323440552 0
-0.482794851064682 0.515588104724884 0
-0.4823451042175293 0.5202345252037048 0
-0.48199501633644104 0.5250260829925537 0
-0.48174503445625305 0.5299372673034668 0
-0.48159512877464294 0.534941554069519 0
-0.48154616355895996 0.5400139093399048 0
-0.4815981388092041 0.5451282858848572 0
-0.481751948595047 0.5502591133117676 0
-0.48200803995132446 0.5553808212280273 0
-0.48236677050590515 0.5604670643806458 0
-0.4828295111656189 0.5654930472373962 0
-0.48339536786079407 0.5704323649406433 0
-0.48406606912612915 0.5752590298652649 0
-0.4848411977291107 0.5799487829208374 0
-0.48572206497192383 0.5844743251800537 0
-0.4862493574619293 0.5868872404098511 0
-0.4867926836013794 0.5891632437705994 0
-0.4873633086681366 0.591322660446167 0
-0.48797422647476196 0.5933846235275269 0
-0.48863711953163147 0.5953690409660339 0
-0.48936328291893005 0.5972958207130432 0
-0.49016571044921875 0.5991848707199097 0
-0.49105480313301086 0.6010557413101196 0
-0.4920448362827301 0.6029283404350281 0
-0.49314576387405396 0.6048217415809631 0
-0.49437108635902405 0.606756329536438 0
-0.49573156237602234 0.6087515354156494 0
-0.49724021553993225 0.6108278036117554 0
-0.49890875816345215 0.6130041480064392 0
-0.5007484555244446 0.6153000593185425 0
-0.5027722716331482 0.6177359223365784 0
-0.5049919486045837 0.6203321218490601 0
-0.5074191093444824 0.6231063604354858 0
-0.5100664496421814 0.6260803937911987 0
-0.5129451155662537 0.6292731761932373 0
-0.5195707082748413 0.636716365814209 0
-0.5258492827415466 0.6440477967262268 0
-0.5317912101745605 0.6512869596481323 0
-0.5374073386192322 0.658455491065979 0
-0.5427075624465942 0.6655732989311218 0
-0.5477027893066406 0.6726599335670471 0
-0.5524042248725891 0.6797366142272949 0
-0.5568214654922485 0.6868236660957336 0
-0.5609657764434814 0.6939402222633362 0
-0.5648478865623474 0.7011078596115112 0
-0.5684778690338135 0.7083457112312317 0
-0.5718660354614258 0.7156749963760376 0
-0.5750237703323364 0.7231155633926392 0
-0.5779609084129333 0.7306879162788391 0
-0.5806884169578552 0.7384123206138611 0
-0.583217442035675 0.7463087439537048 0
-0.5855571031570435 0.7543975710868835 0
-0.5877199769020081 0.7626990675926208 0
-0.5897143483161926 0.7712341547012329 0
-0.591552734375 0.7800226807594299 0
-0.593535840511322 0.7913987636566162 0
-0.5954344272613525 0.8048774600028992 0
-0.5972368717193604 0.8201958537101746 0
-0.5989344120025635 0.8370883464813232 0
-0.600517213344574 0.8552923798561096 0
-0.6019747257232666 0.874542772769928 0
-0.6032975316047668 0.8945756554603577 0
-0.6044755578041077 0.9151262640953064 0
-0.6054989695549011 0.9359312057495117 0
-0.6063581705093384 0.9567257761955261 0
-0.6070427298545837 0.9772456288337708 0
-0.6075431704521179 0.9972273707389832 0
-0.6078498959541321 1.0164053440093994 0
-0.6079521775245667 1.0345171689987183 0
-0.6078412532806396 1.0512969493865967 0
-0.6075063347816467 1.0664819478988647 0
-0.6069378852844238 1.0798064470291138 0
-0.6061254739761353 1.0910074710845947 0
-0.6050609350204468 1.0998202562332153 0
-0.6037325263023376 1.1059809923171997 0
-0.6028122305870056 1.1081469058990479 0
-0.6014955043792725 1.1100419759750366 0
-0.599818766117096 1.111670732498169 0
-0.5978196263313293 1.1130342483520508 0
-0.5955345630645752 1.1141377687454224 0
-0.5930007696151733 1.114983081817627 0
-0.590255081653595 1.1155736446380615 0
-0.587334394454956 1.115912914276123 0
-0.584275484085083 1.1160043478012085 0
-0.5811156034469604 1.1158500909805298 0
-0.5778911709785461 1.1154544353485107 0
-0.5746398568153381 1.1148197650909424 0
-0.5713977217674255 1.1139497756958008 0
-0.5682027339935303 1.1128474473953247 0
-0.5650909543037415 1.1115156412124634 0
-0.5620992183685303 1.1099584102630615 0
-0.55926513671875 1.1081784963607788 0
-0.5566256642341614 1.1061780452728271 0
-0.5542171001434326 1.1039619445800781 0
-0.5520766973495483 1.1015325784683228 0
-0.551527738571167 1.1007912158966064 0
-0.5509666204452515 1.0999501943588257 0
-0.5503964424133301 1.0990155935287476 0
-0.5498189330101013 1.0979948043823242 0
-0.5492370128631592 1.0968939065933228 0
-0.5486534237861633 1.0957201719284058 0
-0.5480715036392212 1.0944805145263672 0
-0.5474931001663208 1.0931816101074219 0
-0.5469216108322144 1.0918306112289429 0
-0.5463592410087585 1.090434193611145 0
-0.5458084940910339 1.0889991521835327 0
-0.5452725887298584 1.0875316858291626 0
-0.5447543859481812 1.0860403776168823 0
-0.5442556738853455 1.0845303535461426 0
-0.5437794923782349 1.083009123802185 0
-0.5433288812637329 1.081483244895935 0
-0.5429064631462097 1.0799602270126343 0
-0.5425147414207458 1.078445553779602 0
-0.5421555638313293 1.0769476890563965 0
-0.5418336391448975 1.0754728317260742 0
-0.5381560325622559 1.0577605962753296 0
-0.4720305800437927 1.0521241426467896 0
-0.46659690141677856 1.0516639947891235 0
-0.461220383644104 1.0512142181396484 0
-0.4559210240840912 1.0507761240005493 0
-0.45071783661842346 1.0503511428833008 0
-0.4456311762332916 1.0499413013458252 0
-0.440680593252182 1.049547791481018 0
-0.4358859956264496 1.049171805381775 0
-0.4312668442726135 1.0488147735595703 0
-0.4268435537815094 1.0484784841537476 0
-0.42263516783714294 1.0481648445129395 0
-0.41866159439086914 1.047874093055725 0
-0.41494280099868774 1.047608494758606 0
-0.4114978611469269 1.047369360923767 0
-0.4083483815193176 1.047157883644104 0
-0.405511736869812 1.0469759702682495 0
-0.4030095636844635 1.0468251705169678 0
-0.4008605182170868 1.0467064380645752 0
-0.3990854024887085 1.0466210842132568 0
-0.3977028429508209 1.0465712547302246 0
-0.3967331647872925 1.0465582609176636 0
-0.3946790099143982 1.0467329025268555 0
-0.39207980036735535 1.0472172498703003 0
-0.3889814615249634 1.0479919910430908 0
-0.3854277431964874 1.0490374565124512 0
-0.38146328926086426 1.0503342151641846 0
-0.37713444232940674 1.0518633127212524 0
-0.3724849820137024 1.053605079650879 0
-0.36755993962287903 1.0555404424667358 0
-0.36240440607070923 1.057650089263916 0
-0.3570634424686432 1.0599143505096436 0
-0.3515812158584595 1.0623137950897217 0
-0.3460032641887665 1.0648303031921387 0
-0.3403741419315338 1.0674428939819336 0
-0.33473899960517883 1.0701327323913574 0
-0.32914239168167114 1.0728809833526611 0
-0.3236294090747833 1.075668215751648 0
-0.31824466586112976 1.078474998474121 0
-0.31303325295448303 1.081281304359436 0
-0.30804020166397095 1.084069013595581 0
-0.3033101558685303 1.0868176221847534 0
-0.2987789511680603 1.0896040201187134 0
-0.29415374994277954 1.0926305055618286 0
-0.289455771446228 1.095876932144165 0
-0.2847062051296234 1.0993236303329468 0
-0.27992719411849976 1.1029497385025024 0
-0.27513909339904785 1.1067370176315308 0
-0.270363986492157 1.1106642484664917 0
-0.2656235098838806 1.1147114038467407 0
-0.2609376609325409 1.1188591718673706 0
-0.25632935762405396 1.1230875253677368 0
-0.251818984746933 1.127375602722168 0
-0.24742816388607025 1.1317049264907837 0
-0.2431786209344864 1.1360540390014648 0
-0.23909154534339905 1.1404041051864624 0
-0.23518817126750946 1.1447347402572632 0
-0.2314888834953308 1.1490259170532227 0
-0.22801661491394043 1.1532576084136963 0
-0.22479306161403656 1.1574106216430664 0
-0.22183726727962494 1.1614634990692139 0
-0.2191726267337799 1.1653975248336792 0
-0.21744386851787567 1.168073058128357 0
-0.21587714552879333 1.1705392599105835 0
-0.21446380019187927 1.1728243827819824 0
-0.21319647133350372 1.1749560832977295 0
-0.21206693351268768 1.1769616603851318 0
-0.21106693148612976 1.1788702011108398 0
-0.210189551115036 1.180708646774292 0
-0.2094261199235916 1.1825045347213745 0
-0.2087688446044922 1.1842870712280273 0
-0.20821034908294678 1.186083436012268 0
-0.20774242281913757 1.1879212856292725 0
-0.2073572427034378 1.189828634262085 0
-0.20704658329486847 1.1918338537216187 0
-0.20680351555347443 1.1939637660980225 0
-0.20661893486976624 1.1962475776672363 0
-0.20648549497127533 1.1987124681472778 0
-0.20639580488204956 1.2013862133026123 0
-0.2063412070274353 1.2042969465255737 0
-0.2063143402338028 1.2074724435806274 0
-0.20630697906017303 1.2109407186508179 0
-0.2062159925699234 1.2227418422698975 0
-0.2059386968612671 1.2340642213821411 0
-0.20546555519104004 1.2449406385421753 0
-0.20478835701942444 1.255403757095337 0
-0.20389971137046814 1.265485167503357 0
-0.20279009640216827 1.2752182483673096 0
-0.20145170390605927 1.2846355438232422 0
-0.1998763233423233 1.2937688827514648 0
-0.19805526733398438 1.3026518821716309 0
-0.19597989320755005 1.311315655708313 0
-0.19364237785339355 1.3197935819625854 0
-0.19103406369686127 1.3281176090240479 0
-0.1881471574306488 1.336321234703064 0
-0.18497255444526672 1.3444360494613647 0
-0.18150202929973602 1.352494478225708 0
-0.17772777378559113 1.3605300188064575 0
-0.17364069819450378 1.3685736656188965 0
-0.169232577085495 1.3766595125198364 0
-0.16449515521526337 1.3848189115524292 0
-0.15942063927650452 1.3930848836898804 0
-0.15391285717487335 1.4015792608261108 0
-0.1477794349193573 1.410569667816162 0
-0.14103509485721588 1.4200392961502075 0
-0.13369281589984894 1.429972529411316 0
-0.12576693296432495 1.4403533935546875 0
-0.11727216094732285 1.4511653184890747 0
-0.10822106897830963 1.4623926877975464 0
-0.09862837195396423 1.4740196466445923 0
-0.08850795775651932 1.4860296249389648 0
-0.07787323743104935 1.4984068870544434 0
-0.06673896312713623 1.511135220527649 0
-0.05511854588985443 1.5241984128952026 0
-0.04302586242556572 1.537580966949463 0
-0.030475208535790443 1.5512659549713135 0
-0.017480013892054558 1.565238118171692 0
-0.004054579883813858 1.5794812440872192 0
0.009787230752408504 1.5939785242080688 0
0.024031987413764 1.6087150573730469 0
0.038664523512125015 1.6236742734909058 0
0.053672708570957184 1.6388401985168457 0
0.06423290073871613 1.6493557691574097 0
0.0743359923362732 1.6592153310775757 0
0.08401317149400711 1.6684397459030151 0
0.09329346567392349 1.6770493984222412 0
0.10220765322446823 1.685065746307373 0
0.11078561842441559 1.6925090551376343 0
0.11905811727046967 1.6993993520736694 0
0.12705419957637787 1.7057589292526245 0
0.13480503857135773 1.7116073369979858 0
0.14233924448490143 1.7169660329818726 0
0.14968886971473694 1.7218551635742188 0
0.15688252449035645 1.7262957096099854 0
0.16395096480846405 1.7303082942962646 0
0.17092451453208923 1.733913540840149 0
0.17783263325691223 1.737133264541626 0
0.18470565974712372 1.739986777305603 0
0.191574364900589 1.7424949407577515 0
0.1984681785106659 1.7446800470352173 0
0.20541703701019287 1.74656081199646 0
0.21245168149471283 1.7481591701507568 0
0.21544213593006134 1.7487285137176514 0
0.2184785157442093 1.7492094039916992 0
0.22156040370464325 1.749603271484375 0
0.22468994557857513 1.7499096393585205 0
0.22786757349967957 1.7501280307769775 0
0.23109373450279236 1.750257968902588 0
0.23436884582042694 1.750300407409668 0
0.23769423365592957 1.750254511833191 0
0.2410707324743271 1.7501206398010254 0
0.24449880421161652 1.7498987913131714 0
0.24797886610031128 1.749588131904602 0
0.25151264667510986 1.7491899728775024 0
0.25509971380233765 1.7487033605575562 0
0.2587418258190155 1.7481279373168945 0
0.26243939995765686 1.7474641799926758 0
0.2661932706832886 1.7467124462127686 0
0.2700034976005554 1.7458715438842773 0
0.2738713324069977 1.744942545890808 0
0.2777980864048004 1.7439243793487549 0
0.281783789396286 1.7428182363510132 0
0.2826334238052368 1.7426444292068481 0
0.2835017144680023 1.742617130279541 0
0.2844024896621704 1.7427549362182617 0
0.28535136580467224 1.743074655532837 0
0.2863617539405823 1.7435928583145142 0
0.28744885325431824 1.7443268299102783 0
0.2886260449886322 1.7452939748764038 0
0.28990811109542847 1.746510624885559 0
0.29130932688713074 1.7479950189590454 0
0.2928439676761627 1.749762773513794 0
0.2945263683795929 1.7518320083618164 0
0.29637083411216736 1.7542197704315186 0
0.29839247465133667 1.7569433450698853 0
0.3006039261817932 1.7600191831588745 0
0.3030211627483368 1.7634642124176025 0
0.30565762519836426 1.7672964334487915 0
0.3085280656814575 1.7715330123901367 0
0.31164634227752686 1.7761898040771484 0
0.3150271773338318 1.7812846899032593 0
0.3186848759651184 1.786834955215454 0
0.3254929184913635 1.7971628904342651 0
0.33206871151924133 1.8070762157440186 0
0.33841705322265625 1.8165788650512695 0
0.3445422649383545 1.8256784677505493 0
0.35044822096824646 1.8343807458877563 0
0.35614013671875 1.842692255973816 0
0.3616223633289337 1.8506181240081787 0
0.3668983280658722 1.85816490650177 0
0.37197282910346985 1.8653390407562256 0
0.37685108184814453 1.8721457719802856 0
0.3815365135669708 1.8785920143127441 0
0.3860343098640442 1.8846838474273682 0
0.39034798741340637 1.8904273509979248 0
0.39448273181915283 1.8958276510238647 0
0.39844241738319397 1.9008917808532715 0
0.4022318422794342 1.905626654624939 0
0.40585532784461975 1.9100360870361328 0
0.4093163013458252 1.914128303527832 0
0.4126204550266266 1.9179078340530396 0
0.41577211022377014 1.9213818311691284 0
0.4172954857349396 1.9230390787124634 0
0.4187863767147064 1.9246841669082642 0
0.4202391505241394 1.926310658454895 0
0.4216494560241699 1.9279124736785889 0
0.4230116903781891 1.92948317527771 0
0.42432188987731934 1.931016445159912 0
0.42557492852211 1.9325065612792969 0
0.4267655611038208 1.9339475631713867 0
0.42788904905319214 1.9353314638137817 0
0.4289405941963196 1.9366538524627686 0
0.42991504073143005 1.9379081726074219 0
0.43080800771713257 1.9390875101089478 0
0.43161389231681824 1.9401862621307373 0
0.43232837319374084 1.941198468208313 0
0.43294665217399597 1.9421164989471436 0
0.4334626793861389 1.9429354667663574 0
0.4338729977607727 1.9436490535736084 0
0.4341723918914795 1.944250464439392 0
0.4343556761741638 1.9447331428527832 0
0.43441760540008545 1.9450923204421997 0
0.43438947200775146 1.945473551750183 0
0.434306263923645 1.9460216760635376 0
0.434170663356781 1.9467300176620483 0
0.43398433923721313 1.947589635848999 0
0.4337499439716339 1.9485926628112793 0
0.43346917629241943 1.9497313499450684 0
0.4331446588039398 1.9509981870651245 0
0.4327794015407562 1.9523842334747314 0
0.43237385153770447 1.953882098197937 0
0.43193191289901733 1.9554834365844727 0
0.43145403265953064 1.9571810960769653 0
0.4309445023536682 1.9589661359786987 0
0.4304041862487793 1.9608309268951416 0
0.4298357367515564 1.9627680778503418 0
0.4292404353618622 1.9647685289382935 0
0.42862215638160706 1.9668253660202026 0
0.4279822111129761 1.9689297676086426 0
0.42732274532318115 1.9710744619369507 0
0.42664599418640137 1.973251223564148 0
0.4259549081325531 1.9754518270492554 0
0.41749307513237 2.002239465713501 0
0.42985567450523376 2.031813859939575 0
0.4308639168739319 2.0342636108398438 0
0.43184614181518555 2.0367271900177 0
0.4327997863292694 2.0391929149627686 0
0.4337213337421417 2.0416512489318848 0
0.43460825085639954 2.0440914630889893 0
0.43545660376548767 2.0465030670166016 0
0.4362642467021942 2.0488762855529785 0
0.4370272159576416 2.0511999130249023 0
0.43774300813674927 2.0534636974334717 0
0.4384080767631531 2.055657386779785 0
0.4390198588371277 2.0577709674835205 0
0.43957531452178955 2.059793472290039 0
0.4400705397129059 2.0617144107818604 0
0.44050338864326477 2.063523769378662 0
0.44086992740631104 2.065211534500122 0
0.44116759300231934 2.0667665004730225 0
0.44139376282691956 2.068178653717041 0
0.4415441155433655 2.069437265396118 0
0.4416164755821228 2.0705316066741943 0
0.44160738587379456 2.0714528560638428 0
0.4411689043045044 2.0761477947235107 0
0.44042322039604187 2.0809731483459473 0
0.4393838047981262 2.0859055519104004 0
0.4380640685558319 2.0909223556518555 0
0.436477392911911 2.0959999561309814 0
0.43463554978370667 2.1011152267456055 0
0.43255236744880676 2.1062448024749756 0
0.43024128675460815 2.111366033554077 0
0.42771485447883606 2.1164557933807373 0
0.4249865412712097 2.121490716934204 0
0.42206886410713196 2.126447916030884 0
0.418975293636322 2.131303548812866 0
0.41571879386901855 2.1360349655151367 0
0.412312388420105 2.1406192779541016 0
0.40876951813697815 2.145033597946167 0
0.4051027297973633 2.1492536067962646 0
0.40132543444633484 2.153257131576538 0
0.3974502384662628 2.1570205688476562 0
0.3934914171695709 2.1605215072631836 0
0.38946065306663513 2.163735866546631 0
0.38672971725463867 2.16572642326355 0
0.3836976885795593 2.1678109169006348 0
0.38040652871131897 2.1699676513671875 0
0.37689656019210815 2.1721768379211426 0
0.3732094168663025 2.174417018890381 0
0.3693857491016388 2.1766655445098877 0
0.36546722054481506 2.1789026260375977 0
0.3614945411682129 2.1811068058013916 0
0.3575088381767273 2.183256149291992 0
0.35355088114738464 2.1853299140930176 0
0.3496626913547516 2.187307357788086 0
0.3458841145038605 2.189166784286499 0
0.34225717186927795 2.1908864974975586 0
0.3388221561908722 2.19244647026062 0
0.3356211483478546 2.193824052810669 0
0.33269479870796204 2.1949992179870605 0
0.3300830125808716 2.1959502696990967 0
0.32782912254333496 2.1966559886932373 0
0.3259729743003845 2.1970953941345215 0
0.32455530762672424 2.197246551513672 0
0.323725163936615 2.19728684425354 0
0.32299163937568665 2.197455406188965 0
0.32235947251319885 2.1978232860565186 0
0.32183435559272766 2.1984646320343018 0
0.32142144441604614 2.199448823928833 0
0.32112550735473633 2.200850248336792 0
0.32095134258270264 2.202739715576172 0
0.32090410590171814 2.205190658569336 0
0.3209899067878723 2.2082738876342773 0
0.32121217250823975 2.212062358856201 0
0.3215769827365875 2.216627836227417 0
0.3220895528793335 2.22204327583313 0
0.3227542042732239 2.228379487991333 0
0.32357653975486755 2.2357091903686523 0
0.32456138730049133 2.244105577468872 0
0.3257143199443817 2.253638982772827 0
0.3270397186279297 2.2643823623657227 0
0.3285427391529083 2.2764089107513428 0
0.3302290439605713 2.2897891998291016 0
0.3321029543876648 2.304595947265625 0
0.33334773778915405 2.3145148754119873 0
0.3345123827457428 2.324007034301758 0
0.3355998992919922 2.33309268951416 0
0.33661073446273804 2.3417932987213135 0
0.3375474810600281 2.3501291275024414 0
0.338411420583725 2.3581221103668213 0
0.3392043113708496 2.365792751312256 0
0.33992788195610046 2.373162031173706 0
0.340583860874176 2.380251169204712 0
0.34117352962493896 2.3870809078216553 0
0.34169909358024597 2.393672227859497 0
0.34216228127479553 2.4000461101531982 0
0.34256479144096375 2.406223773956299 0
0.34290751814842224 2.412226438522339 0
0.34319302439689636 2.4180748462677 0
0.34342309832572937 2.4237897396087646 0
0.34359902143478394 2.429391860961914 0
0.34372207522392273 2.434903144836426 0
0.3437952995300293 2.4403438568115234 0
0.34381911158561707 2.445734977722168 0
0.3439469337463379 2.4652132987976074 0
0.34430569410324097 2.4853157997131348 0
0.3448866903781891 2.5059518814086914 0
0.3456813395023346 2.527029275894165 0
0.34668219089508057 2.548457384109497 0
0.34788018465042114 2.570143938064575 0
0.3492670953273773 2.5919978618621826 0
0.3508342504501343 2.6139280796051025 0
0.352573424577713 2.6358423233032227 0
0.3544772267341614 2.6576497554779053 0
0.3565365672111511 2.6792585849761963 0
0.3587428033351898 2.7005772590637207 0
0.3610881268978119 2.721514940261841 0
0.3635634183883667 2.7419793605804443 0
0.3661613464355469 2.7618796825408936 0
0.3688732087612152 2.7811243534088135 0
0.3716903328895569 2.799621343612671 0
0.37460455298423767 2.817279815673828 0
0.3776075839996338 2.8340084552764893 0
0.3806907534599304 2.849714994430542 0
0.38334888219833374 2.8621714115142822 0
0.3861846625804901 2.874582529067993 0
0.38918337225914 2.8869104385375977 0
0.39233067631721497 2.8991165161132812 0
0.39561358094215393 2.9111616611480713 0
0.39901694655418396 2.923007011413574 0
0.402527779340744 2.9346139430999756 0
0.4061317443847656 2.9459426403045654 0
0.40981414914131165 2.9569551944732666 0
0.41356152296066284 2.9676129817962646 0
0.4173600375652313 2.9778764247894287 0
0.421195387840271 2.9877068996429443 0
0.4250536859035492 2.9970650672912598 0
0.428921103477478 3.005913019180298 0
0.432783305644989 3.014211654663086 0
0.43662601709365845 3.021921157836914 0
0.4404357969760895 3.029003620147705 0
0.444198340177536 3.0354204177856445 0
0.44789981842041016 3.0411312580108643 0
0.45152589678764343 3.0460991859436035 0
0.45244529843330383 3.0472707748413086 0
0.4532702565193176 3.0483007431030273 0
0.45400509238243103 3.0491716861724854 0
0.4546510875225067 3.04986572265625 0
0.45521262288093567 3.050365686416626 0
0.45569226145744324 3.050652503967285 0
0.45609259605407715 3.0507102012634277 0
0.45641669631004333 3.0505194664001465 0
0.45666754245758057 3.0500636100769043 0
0.45684778690338135 3.0493249893188477 0
0.45696043968200684 3.048285484313965 0
0.457008957862854 3.0469276905059814 0
0.45699596405029297 3.0452334880828857 0
0.45692360401153564 3.0431854724884033 0
0.4567958116531372 3.0407660007476807 0
0.4566147029399872 3.0379576683044434 0
0.45638418197631836 3.0347414016723633 0
0.456106036901474 3.0311014652252197 0
0.45578452944755554 3.0270187854766846 0
0.4554210305213928 3.0224757194519043 0
0.45479580760002136 3.0136218070983887 0
0.4542676508426666 3.0039663314819336 0
0.4538343846797943 2.9936158657073975 0
0.4534951150417328 2.9826738834381104 0
0.45324641466140747 2.9712460041046143 0
0.45308783650398254 2.959437131881714 0
0.45301634073257446 2.9473512172698975 0
0.45303109288215637 2.9350943565368652 0
0.45312944054603577 2.9227712154388428 0
0.45330968499183655 2.9104862213134766 0
0.45357006788253784 2.898344039916992 0
0.4539084732532501 2.8864502906799316 0
0.4543231129646301 2.8749091625213623 0
0.45481225848197937 2.8638265132904053 0
0.4553737938404083 2.8533055782318115 0
0.45600637793540955 2.8434529304504395 0
0.4567074179649353 2.8343725204467773 0
0.4574751853942871 2.82616925239563 0
0.4583083689212799 2.818948268890381 0
0.45920392870903015 2.812814474105835 0
0.46105921268463135 2.802032470703125 0
0.4629665017127991 2.79166841506958 0
0.464951753616333 2.781649112701416 0
0.46703970432281494 2.7719011306762695 0
0.46925634145736694 2.762350559234619 0
0.47162678837776184 2.7529237270355225 0
0.4741765856742859 2.743547201156616 0
0.47693049907684326 2.7341487407684326 0
0.4799148738384247 2.7246530055999756 0
0.4831544756889343 2.7149879932403564 0
0.48667481541633606 2.7050795555114746 0
0.49050062894821167 2.694854259490967 0
0.49465876817703247 2.684238910675049 0
0.49917349219322205 2.6731598377227783 0
0.5040703415870667 2.661543607711792 0
0.5093744993209839 2.6493167877197266 0
0.5151119232177734 2.6364049911499023 0
0.5213077068328857 2.6227362155914307 0
0.5279870629310608 2.60823655128479 0
0.5351755619049072 2.592832088470459 0
0.5417301058769226 2.5788443088531494 0
0.5476473569869995 2.5661487579345703 0
0.5529627203941345 2.554624557495117 0
0.5577114224433899 2.544149875640869 0
0.561928927898407 2.5346033573150635 0
0.5656502842903137 2.525864362716675 0
0.5689115524291992 2.517810583114624 0
0.5717477798461914 2.510321855545044 0
0.5741949081420898 2.5032758712768555 0
0.5762872099876404 2.496551990509033 0
0.5780605673789978 2.4900290966033936 0
0.5795510411262512 2.4835848808288574 0
0.5807936787605286 2.4770984649658203 0
0.5818231105804443 2.470449447631836 0
0.5826758146286011 2.463514804840088 0
0.5833864212036133 2.456174850463867 0
0.5839908123016357 2.448307752609253 0
0.5845241546630859 2.439791440963745 0
0.5850224494934082 2.4305057525634766 0
0.5855198502540588 2.4203286170959473 0
0.5860969424247742 2.408447027206421 0
0.5866519808769226 2.3974924087524414 0
0.587190568447113 2.3874094486236572 0
0.5877204537391663 2.378141164779663 0
0.5882477164268494 2.369631290435791 0
0.5887789130210876 2.361823558807373 0
0.5893213748931885 2.3546619415283203 0
0.5898807644844055 2.348090648651123 0
0.5904647707939148 2.342052936553955 0
0.591079592704773 2.3364927768707275 0
0.5917312502861023 2.3313536643981934 0
0.5924275517463684 2.3265798091888428 0
0.593174934387207 2.322114944458008 0
0.5939790606498718 2.3179025650024414 0
0.5948473811149597 2.3138861656188965 0
0.5957862734794617 2.3100109100341797 0
0.5968031883239746 2.3062188625335693 0
0.5979036688804626 2.302455186843872 0
0.5990947484970093 2.2986631393432617 0
0.6003832817077637 2.294785737991333 0
0.6016367673873901 2.2911956310272217 0
0.6029309630393982 2.2876791954040527 0
0.6042675971984863 2.2842342853546143 0
0.6056480407714844 2.2808568477630615 0
0.6070743799209595 2.2775449752807617 0
0.6085479259490967 2.274294376373291 0
0.6100708842277527 2.2711021900177 0
0.611644983291626 2.2679660320281982 0
0.6132710576057434 2.2648823261260986 0
0.614952564239502 2.261848211288452 0
0.6166900396347046 2.2588608264923096 0
0.618484616279602 2.2559165954589844 0
0.6203394532203674 2.2530124187469482 0
0.6222558617591858 2.25014591217041 0
0.6242355108261108 2.2473132610321045 0
0.6262796521186829 2.2445120811462402 0
0.6283910274505615 2.2417385578155518 0
0.6305699348449707 2.238990068435669 0
0.6328195333480835 2.2362637519836426 0
0.6351410150527954 2.233555793762207 0
0.6359642148017883 2.2325761318206787 0
0.6368247270584106 2.231480836868286 0
0.6377176642417908 2.230278968811035 0
0.6386379599571228 2.2289786338806152 0
0.6395812034606934 2.2275888919830322 0
0.640542209148407 2.226116895675659 0
0.6415166258811951 2.224571943283081 0
0.6424997448921204 2.2229623794555664 0
0.643486738204956 2.2212963104248047 0
0.6444724202156067 2.219581365585327 0
0.6454524993896484 2.217827558517456 0
0.6464221477508545 2.2160420417785645 0
0.647377073764801 2.214233875274658 0
0.6483116745948792 2.2124111652374268 0
0.6492215394973755 2.2105822563171387 0
0.6501019597053528 2.2087552547454834 0
0.6509485840797424 2.2069389820098877 0
0.6517557501792908 2.20514178276062 0
0.6525196433067322 2.203371286392212 0
0.6532349586486816 2.2016375064849854 0
0.6551218628883362 2.1971123218536377 0
0.6571699380874634 2.192514419555664 0
0.6593813896179199 2.187842845916748 0
0.6617557406425476 2.183095932006836 0
0.6642956137657166 2.1782708168029785 0
0.6670013666152954 2.1733667850494385 0
0.6698740124702454 2.168381929397583 0
0.6729151606559753 2.1633148193359375 0
0.676125705242157 2.158163070678711 0
0.6795061230659485 2.152926206588745 0
0.683058500289917 2.147602081298828 0
0.686782956123352 2.142188310623169 0
0.6906815767288208 2.136683464050293 0
0.6947547793388367 2.131086826324463 0
0.6990030407905579 2.1253957748413086 0
0.7034289240837097 2.1196091175079346 0
0.7080329060554504 2.113725185394287 0
0.7128158211708069 2.1077420711517334 0
0.7177785038948059 2.101658582687378 0
0.722923219203949 2.0954723358154297 0
0.7268426418304443 2.090789318084717 0
0.730423629283905 2.0864782333374023 0
0.7336835861206055 2.082510471343994 0
0.7366402745246887 2.078857898712158 0
0.7393109202384949 2.0754916667938232 0
0.7417125701904297 2.0723843574523926 0
0.7438633441925049 2.069506883621216 0
0.7457801699638367 2.066830635070801 0
0.7474803328514099 2.0643279552459717 0
0.7489820718765259 2.061969757080078 0
0.750300943851471 2.0597283840179443 0
0.751456081867218 2.057574987411499 0
0.7524638772010803 2.0554819107055664 0
0.7533429861068726 2.053419828414917 0
0.7541094422340393 2.051361083984375 0
0.7547810077667236 2.0492773056030273 0
0.7553746104240417 2.0471396446228027 0
0.755909264087677 2.044919967651367 0
0.7564005851745605 2.0425901412963867 0
0.7568672299385071 2.0401217937469482 0
0.7600045800209045 2.023911714553833 0
0.7635924816131592 2.0075414180755615 0
0.7676241397857666 1.991030216217041 0
0.7720903158187866 1.9743971824645996 0
0.7769841551780701 1.9576603174209595 0
0.7822965383529663 1.9408401250839233 0
0.7880204916000366 1.9239546060562134 0
0.7941478490829468 1.9070230722427368 0
0.8006703853607178 1.8900638818740845 0
0.8075798153877258 1.8730968236923218 0
0.814869225025177 1.8561410903930664 0
0.8225299119949341 1.83921480178833 0
0.830554187297821 1.8223378658294678 0
0.8389341235160828 1.805528163909912 0
0.8476619720458984 1.7888054847717285 0
0.8567286729812622 1.7721893787384033 0
0.8661277294158936 1.7556977272033691 0
0.8758499622344971 1.7393498420715332 0
0.8858884572982788 1.7231649160385132 0
0.8962346315383911 1.7071619033813477 0
0.9004088044166565 1.700728178024292 0
0.9041236639022827 1.6947333812713623 0
0.9073745608329773 1.6891247034072876 0
0.9101561903953552 1.6838504076004028 0
0.9124659299850464 1.6788569688796997 0
0.9142974019050598 1.6740918159484863 0
0.915647029876709 1.6695016622543335 0
0.9165105819702148 1.6650346517562866 0
0.9168831706047058 1.6606377363204956 0
0.9167605638504028 1.656258225440979 0
0.9161375164985657 1.651842713356018 0
0.9150105714797974 1.6473393440246582 0
0.9133749604225159 1.642695426940918 0
0.9112259149551392 1.6378575563430786 0
0.9085591435432434 1.6327730417251587 0
0.9053702354431152 1.6273900270462036 0
0.9016548991203308 1.6216552257537842 0
0.8974083662033081 1.6155157089233398 0
0.8926258683204651 1.6089186668395996 0
0.8873040080070496 1.6018117666244507 0
0.8695042133331299 1.5783295631408691 0
0.8735878467559814 1.5431879758834839 0
0.8747971057891846 1.5332754850387573 0
0.876062273979187 1.5238726139068604 0
0.8773863315582275 1.5149739980697632 0
0.8787710666656494 1.5065733194351196 0
0.8802199363708496 1.4986625909805298 0
0.8817333579063416 1.4912358522415161 0
0.8833152651786804 1.4842873811721802 0
0.8849669098854065 1.4778095483779907 0
0.8866904973983765 1.4717965126037598 0
0.8884885311126709 1.4662411212921143 0
0.8903642296791077 1.461137056350708 0
0.8923182487487793 1.4564781188964844 0
0.8943538069725037 1.4522571563720703 0
0.8964729309082031 1.448468565940857 0
0.8986783027648926 1.4451042413711548 0
0.9009711742401123 1.442158818244934 0
0.9033546447753906 1.4396255016326904 0
0.9058312177658081 1.4374980926513672 0
0.9084018468856812 1.435768485069275 0
0.911069929599762 1.4344322681427002 0
0.9210517406463623 1.4302351474761963 0
0.9141734838485718 1.4214907884597778 0
0.9125118851661682 1.4192944765090942 0
0.9108905792236328 1.4169859886169434 0
0.9093143343925476 1.4145779609680176 0
0.9077883362770081 1.4120818376541138 0
0.9063177704811096 1.4095107316970825 0
0.9049066305160522 1.4068772792816162 0
0.9035599827766418 1.404193639755249 0
0.90228271484375 1.4014713764190674 0
0.9010799527168274 1.3987239599227905 0
0.8999568819999695 1.395963191986084 0
0.898917019367218 1.3932018280029297 0
0.8979668617248535 1.390451431274414 0
0.897109866142273 1.3877248764038086 0
0.8963516354560852 1.3850346803665161 0
0.8956965208053589 1.3823930025100708 0
0.8951497077941895 1.3798123598098755 0
0.8947164416313171 1.377305030822754 0
0.8944005966186523 1.3748830556869507 0
0.8942073583602905 1.3725594282150269 0
0.8941419124603271 1.3703458309173584 0
0.894220769405365 1.3676490783691406 0
0.8944547176361084 1.3648865222930908 0
0.8948394656181335 1.362065076828003 0
0.8953719735145569 1.3591941595077515 0
0.8960474729537964 1.3562812805175781 0
0.8968624472618103 1.3533358573913574 0
0.897813081741333 1.350365400314331 0
0.8988949656486511 1.3473788499832153 0
0.9001050591468811 1.3443844318389893 0
0.9014382362365723 1.3413901329040527 0
0.9028923511505127 1.3384047746658325 0
0.9044616222381592 1.3354369401931763 0
0.9061431884765625 1.3324944972991943 0
0.9079330563545227 1.3295859098434448 0
0.9098268747329712 1.326719880104065 0
0.9118212461471558 1.323904037475586 0
0.9139122366905212 1.3211479187011719 0
0.916095495223999 1.3184595108032227 0
0.9183671474456787 1.3158464431762695 0
0.9207241535186768 1.3133177757263184 0
0.9336768984794617 1.2998993396759033 0
0.9057246446609497 1.1891981363296509 0
0.9007086157798767 1.1694374084472656 0
0.8959382772445679 1.1508724689483643 0
0.8913910388946533 1.133429765701294 0
0.8870422840118408 1.117035984992981 0
0.8828685879707336 1.101615309715271 0
0.8788460493087769 1.0870940685272217 0
0.8749521970748901 1.0733987092971802 0
0.871161937713623 1.0604546070098877 0
0.8674522042274475 1.0481882095336914 0
0.8637997508049011 1.0365248918533325 0
0.8601806163787842 1.0253911018371582 0
0.8565709590911865 1.0147117376327515 0
0.8529470562934875 1.0044137239456177 0
0.8492863178253174 0.9944223761558533 0
0.845564067363739 0.984663724899292 0
0.8417564630508423 0.9750632643699646 0
0.8378405570983887 0.9655476808547974 0
0.8337924480438232 0.9560425281524658 0
0.8295879364013672 0.946473240852356 0
0.8252049684524536 0.9367661476135254 0
0.8235576748847961 0.9331799149513245 0
0.8220385909080505 0.9299143552780151 0
0.820635199546814 0.9269546270370483 0
0.8193371295928955 0.9242852330207825 0
0.8181317448616028 0.9218922853469849 0
0.8170070052146912 0.9197605848312378 0
0.8159515261650085 0.9178754091262817 0
0.8149545788764954 0.916221559047699 0
0.8140026330947876 0.9147852659225464 0
0.8130849599838257 0.913550853729248 0
0.8121902942657471 0.9125044941902161 0
0.8113059401512146 0.9116305708885193 0
0.8104207515716553 0.9109148383140564 0
0.8095226287841797 0.9103424549102783 0
0.8086006045341492 0.9098988175392151 0
0.8076417446136475 0.9095686674118042 0
0.8066356778144836 0.9093376994132996 0
0.8055694103240967 0.9091912508010864 0
0.8044316172599792 0.9091132879257202 0
0.803211510181427 0.9090911746025085 0
0.8015191555023193 0.9091721773147583 0
0.7997899651527405 0.9094157218933105 0
0.798023521900177 0.9098221063613892 0
0.7962184548377991 0.9103931784629822 0
0.7943740487098694 0.9111288785934448 0
0.7924888730049133 0.9120309352874756 0
0.7905616760253906 0.9130989909172058 0
0.7885923981666565 0.9143355488777161 0
0.7865781188011169 0.9157397747039795 0
0.7845196723937988 0.9173133969306946 0
0.7824152112007141 0.9190573692321777 0
0.7802636027336121 0.9209724068641663 0
0.7780638337135315 0.9230590462684631 0
0.7758147120475769 0.92531818151474 0
0.7735157608985901 0.9277510046958923 0
0.7711652517318726 0.9303584694862366 0
0.7687618732452393 0.9331405162811279 0
0.766305685043335 0.9360993504524231 0
0.7637948393821716 0.9392344951629639 0
0.7612285614013672 0.9425477385520935 0
0.7601826190948486 0.9439091086387634 0
0.7591501474380493 0.9452318549156189 0
0.7581349611282349 0.9465122222900391 0
0.7571406364440918 0.9477453231811523 0
0.756170928478241 0.9489290118217468 0
0.7552298903465271 0.950058102607727 0
0.7543204426765442 0.9511283040046692 0
0.753447413444519 0.9521360993385315 0
0.7526133060455322 0.9530776143074036 0
0.7518225908279419 0.9539484977722168 0
0.7510790824890137 0.9547443985939026 0
0.7503858804702759 0.9554619193077087 0
0.7497472167015076 0.9560966491699219 0
0.7491661906242371 0.9566447734832764 0
0.748647153377533 0.9571018815040588 0
0.7481935024261475 0.9574645161628723 0
0.7478091716766357 0.957728385925293 0
0.7474976778030396 0.9578895568847656 0
0.7472619414329529 0.9579432606697083 0
0.7471072673797607 0.9578869342803955 0
0.7470293045043945 0.9576430320739746 0
0.7470206022262573 0.9571434855461121 0
0.7470787167549133 0.9564003944396973 0
0.7472008466720581 0.9554237723350525 0
0.7473863363265991 0.9542249441146851 0
0.7476306557655334 0.9528141617774963 0
0.7479326725006104 0.9512028098106384 0
0.7482905387878418 0.9494012594223022 0
0.7487004399299622 0.9474199414253235 0
0.749161422252655 0.9452708959579468 0
0.7496700882911682 0.9429628252983093 0
0.7502247095108032 0.9405078887939453 0
0.7508230209350586 0.9379169344902039 0
0.7514621019363403 0.9352006912231445 0
0.75214022397995 0.9323692917823792 0
0.752855122089386 0.9294334053993225 0
0.7536033391952515 0.9264048337936401 0
0.7543836832046509 0.9232938885688782 0
0.7551930546760559 0.9201110601425171 0
0.7560301423072815 0.9168671369552612 0
0.7568836808204651 0.9135192632675171 0
0.7577424049377441 0.9100300669670105 0
0.7586029171943665 0.9064174294471741 0
0.7594616413116455 0.9027016758918762 0
0.7603147625923157 0.8989009857177734 0
0.76115882396698 0.8950340151786804 0
0.761989414691925 0.8911206722259521 0
0.7628034949302673 0.8871796131134033 0
0.7635977268218994 0.8832294940948486 0
0.7643676400184631 0.8792892694473267 0
0.7651102542877197 0.8753785490989685 0
0.7658216953277588 0.8715154528617859 0
0.7664984464645386 0.8677191138267517 0
0.7671366930007935 0.8640090227127075 0
0.7677324414253235 0.8604037165641785 0
0.7682827115058899 0.8569223880767822 0
0.7687831521034241 0.8535830974578857 0
0.7692307233810425 0.8504063487052917 0
0.7696214914321899 0.8474106788635254 0
0.769952118396759 0.8446139097213745 0
0.7735764384269714 0.8120056986808777 0
0.7620500326156616 0.785791277885437 0
0.7589248418807983 0.7784377932548523 0
0.7557536959648132 0.7705049514770508 0
0.7525578737258911 0.7620751857757568 0
0.7493607401847839 0.753227710723877 0
0.7461835145950317 0.7440435886383057 0
0.743049681186676 0.7346034049987793 0
0.7399808168411255 0.7249869108200073 0
0.7369998693466187 0.7152759432792664 0
0.734129011631012 0.7055497765541077 0
0.7313907146453857 0.6958903670310974 0
0.7288066744804382 0.6863765120506287 0
0.7263993620872498 0.6770897507667542 0
0.7241922616958618 0.6681105494499207 0
0.7222065925598145 0.6595200300216675 0
0.7204652428627014 0.6513974666595459 0
0.7189899682998657 0.6438242197036743 0
0.7178040742874146 0.6368805766105652 0
0.7169288396835327 0.6306474804878235 0
0.7163876891136169 0.6252047419548035 0
0.7162022590637207 0.6206336617469788 0
0.7160809636116028 0.6186380386352539 0
0.7157265543937683 0.6161826252937317 0
0.7151502966880798 0.6133022308349609 0
0.714364767074585 0.6100296974182129 0
0.7133829593658447 0.6063984632492065 0
0.7122165560722351 0.60244220495224 0
0.7108781933784485 0.598194420337677 0
0.7093799114227295 0.5936887860298157 0
0.7077343463897705 0.588958740234375 0
0.7059540152549744 0.5840380191802979 0
0.7040510773658752 0.5789596438407898 0
0.7020376920700073 0.5737568736076355 0
0.6999258995056152 0.568464457988739 0
0.6977291703224182 0.5631147623062134 0
0.695459246635437 0.557742178440094 0
0.693128228187561 0.5523795485496521 0
0.690747857093811 0.5470602512359619 0
0.6883323192596436 0.5418184995651245 0
0.6858925819396973 0.5366872549057007 0
0.6834411025047302 0.5317006707191467 0
0.6789467334747314 0.5228697061538696 0
0.6744614839553833 0.5143827199935913 0
0.6699420213699341 0.5061860084533691 0
0.6653454303741455 0.49822548031806946 0
0.6606287956237793 0.490445613861084 0
0.6557483673095703 0.4827944040298462 0
0.6506626009941101 0.4752155840396881 0
0.6453272700309753 0.46765580773353577 0
0.6397003531455994 0.46006181836128235 0
0.6337384581565857 0.45237812399864197 0
0.6273988485336304 0.4445510506629944 0
0.6206380128860474 0.4365268051624298 0
0.6134131550788879 0.42825040221214294 0
0.605681836605072 0.4196685254573822 0
0.5974006652832031 0.4107261896133423 0
0.5885267853736877 0.4013700485229492 0
0.5790172815322876 0.3915455639362335 0
0.5688292384147644 0.38119855523109436 0
0.5579193830490112 0.3702748417854309 0
0.5462448000907898 0.3587198555469513 0
0.5365966558456421 0.34923115372657776 0
0.5277110934257507 0.3405262231826782 0
0.5195299983024597 0.33255529403686523 0
0.5119940638542175 0.3252667486667633 0
0.5050443410873413 0.31861165165901184 0
0.4986201822757721 0.31253889203071594 0
0.4926643967628479 0.3069981634616852 0
0.487117201089859 0.3019396960735321 0
0.48191964626312256 0.29731276631355286 0
0.47701236605644226 0.2930675446987152 0
0.47233647108078003 0.28915292024612427 0
0.467833012342453 0.2855190336704254 0
0.4634426534175873 0.2821161150932312 0
0.4591064453125 0.27889254689216614 0
0.4547654688358307 0.2757989764213562 0
0.45035994052886963 0.27278468012809753 0
0.4458313584327698 0.2697998583316803 0
0.44112080335617065 0.26679378747940063 0
0.436168909072876 0.26371580362319946 0
0.43091633915901184 0.26051652431488037 0
0.41913041472435 0.2536846399307251 0
0.40667030215263367 0.24702088534832 0
0.39356809854507446 0.24053478240966797 0
0.379853218793869 0.2342349737882614 0
0.36555734276771545 0.22813013195991516 0
0.3507111966609955 0.22222937643527985 0
0.33534470200538635 0.2165413498878479 0
0.31948989629745483 0.21107515692710876 0
0.3031767010688782 0.20583948493003845 0
0.28643670678138733 0.2008429616689682 0
0.26930028200149536 0.19609513878822327 0
0.25179773569107056 0.19160425662994385 0
0.23396070301532745 0.187379390001297 0
0.21581952273845673 0.18342924118041992 0
0.19740580022335052 0.1797633022069931 0
0.17874857783317566 0.1763893961906433 0
0.1598803550004959 0.17331747710704803 0
0.14083145558834076 0.17055535316467285 0
0.1216326355934143 0.16811256110668182 0
0.10231467336416245 0.165998175740242 0
0.10039873421192169 0.16579757630825043 0
0.09826052188873291 0.16555927693843842 0
0.09591564536094666 0.16528500616550446 0
0.09338055551052094 0.1649782508611679 0
0.09067129343748093 0.16463986039161682 0
0.08780518174171448 0.16427288949489594 0
0.08479782938957214 0.16387946903705597 0
0.08166482299566269 0.1634613573551178 0
0.07842350006103516 0.1630220264196396 0
0.07508988678455353 0.1625623106956482 0
0.07168001681566238 0.16208527982234955 0
0.06821035593748093 0.1615935117006302 0
0.06469693779945374 0.16108831763267517 0
0.06115665286779404 0.16057315468788147 0
0.05760553851723671 0.1600484549999237 0
0.054059188812971115 0.1595190018415451 0
0.050534937530756 0.15898433327674866 0
0.047048814594745636 0.15844838321208954 0
0.043616414070129395 0.1579141467809677 0
0.04025464132428169 0.15738165378570557 0
